galaxyID,host,ParticleSelection,A,B,C,Rmax,R50,RotationMatrix
11,host,AS,1.1971553470408685,0.9950180914689792,0.6243894616552381,13.864308452047188,4.515768502709744,"[[ 0.27101475,-0.27399867,-0.92275443], [-0.42555473, 0.82575334,-0.37018183], [ 0.86339688, 0.49300725, 0.10718991]]"
13,host,AS,0.745077004523746,0.5649475359108621,0.3692267291110958,22.819044511779857,3.2708570232994263,"[[-0.62860582,-0.06507488,-0.77499677], [ 0.67644522, 0.44596938,-0.58611703], [-0.38376632, 0.89267943, 0.23631935]]"
15,host,AS,0.9075536244291524,0.7904162157696918,0.3221595294710662,13.80993129047607,3.6535592032929647,"[[ 0.01173488,-0.99344076,-0.1137442 ], [ 0.4219968 ,-0.09820547, 0.90126266], [-0.90652137,-0.0585759 , 0.4180764 ]]"
19,host,AS,0.8521628284679821,0.7820006041929107,0.2340783337844683,12.820787200864224,3.6271494760349134,"[[-0.42186585, 0.59735329,-0.68205443], [-0.75996617,-0.64323191,-0.09329596], [-0.49444982, 0.47897991, 0.72532587]]"
20,host,AS,1.2182411792734078,1.1214467872151626,0.3508094793995875,12.049600393621525,5.350667119541421,"[[ 0.83570707, 0.48274845,-0.26181601], [ 0.54434467,-0.79125504, 0.27857555], [-0.07268132,-0.37532571,-0.92403898]]"
21,host,AS,0.5274279859943352,0.5081374119153026,0.2801033720786957,16.6502642245713,2.6041135577123646,"[[ 0.9971707 , 0.07193494,-0.02181659], [ 0.06810484,-0.98739931,-0.14284372], [ 0.03181714,-0.14095375, 0.98950478]]"
22,host,AS,0.6745668683954719,0.4075553642027356,0.2923902767151454,15.271266005077528,2.837395819355229,"[[-0.93936603, 0.33970501, 0.04681852], [-0.15564846,-0.30072628,-0.94092362], [ 0.30555691, 0.89115891,-0.33536661]]"
24,host,AS,1.2146206873226162,1.1086996574237264,0.3451513108239945,11.486474712713234,5.436100140722792,"[[-0.01113999, 0.99803535, 0.06165503], [ 0.2518279 , 0.06247166,-0.96575359], [ 0.96770792,-0.00476797, 0.25202908]]"
25,host,AS,0.7837588562516238,0.6807095480900351,0.3024433994318445,17.95336112536169,4.113822006649919,"[[-0.15628925, 0.9873374 ,-0.02717574], [-0.47140385,-0.05038576, 0.88047696], [-0.86795857,-0.15041984,-0.47330941]]"
27,host,AS,0.6836168326034748,0.4560386110210284,0.3137404174179133,20.538368688687253,3.356436596707063,"[[ 0.87146914, 0.35158759, 0.34194692], [-0.47412947, 0.42557323, 0.77077148], [ 0.12547023,-0.83383067, 0.53757197]]"
28,host,AS,1.0520437911702587,0.9998167843890942,0.3254243260021194,10.260148971569016,3.791975425304909,"[[-0.33343458,-0.65358106, 0.67945065], [ 0.90422961,-0.01774041, 0.42667798], [-0.26681491, 0.75664858, 0.59690261]]"
29,host,AS,1.0784076398145055,1.0485382302352313,0.5628416001912047,14.207479958413789,5.682447509232094,"[[ 0.31475505,-0.2312248 , 0.92057827], [ 0.74771679, 0.65783241,-0.09042193], [ 0.58467843,-0.71679259,-0.37994673]]"
30,host,AS,0.6410378801049775,0.5957876937935673,0.312188217995263,20.52579549968537,3.3307457611865003,"[[-0.63478072,-0.08955083,-0.76748556], [-0.22850816,-0.92707841, 0.29716939], [ 0.73813106,-0.36401411,-0.5680284 ]]"
32,host,AS,0.6398090122938035,0.6070057302368942,0.2879254326946436,14.217378320596351,2.378042226119655,"[[ 0.38023721, 0.23905357, 0.89346128], [-0.39523197, 0.9153724 ,-0.07671417], [ 0.83618859, 0.32395488,-0.44254026]]"
33,host,AS,1.1120811593708373,0.9962081645906666,0.3251593898905566,11.96124804740686,4.859164010076787,"[[ 0.90649155, 0.00874494,-0.42213339], [ 0.24705432, 0.79978258, 0.54709413], [-0.34239923, 0.60022608,-0.72283568]]"
34,host,AS,0.8806437713672786,0.7936412777781993,0.3451830314840876,13.789061583556364,3.934968198199353,"[[-0.0481524 ,-0.22135348, 0.9740041 ], [-0.09921537,-0.96925274,-0.22517865], [-0.99390022, 0.10747907,-0.02471018]]"
35,host,AS,0.8687275946493331,0.8182898066854651,0.3674310568083929,13.118478429410406,3.718543916385958,"[[ 0.80675434,-0.16704137, 0.56678445], [-0.56791583,-0.4840532 , 0.66570572], [ 0.16315343,-0.85894684,-0.48537746]]"
36,host,AS,0.8200394068010703,0.7048425871025742,0.3114101600038151,11.08249078750418,2.630327649920434,"[[ 0.26105685,-0.6831406 , 0.68203244], [ 0.08093164,-0.68855629,-0.72065269], [ 0.96192484, 0.24332933,-0.12446465]]"
37,host,AS,0.8878076618466398,0.783108597872332,0.327893632289484,10.39546946483117,3.1037576582011823,"[[-0.75020418, 0.60197721, 0.27352717], [-0.48135583,-0.21361336,-0.85009758], [ 0.45331031, 0.76941066,-0.45001888]]"
38,host,AS,0.7731096905501516,0.6502863170157613,0.3575466388296851,10.686347663967046,2.561255585330871,"[[-0.70952099, 0.1290069 , 0.69277499], [-0.57687361, 0.45828591,-0.6761589 ], [ 0.40471818, 0.87939254, 0.25074279]]"
39,host,AS,0.7946725344723952,0.7255945096427866,0.239339527866654,13.05496119220932,3.549893598758908,"[[ 0.29347246, 0.95567579, 0.02361585], [-0.85488103, 0.25130365, 0.45389965], [ 0.42784616,-0.15339579, 0.8907398 ]]"
40,host,AS,0.8129533072861058,0.7694128010323811,0.3408238661555992,7.828422670863305,2.595310835441786,"[[-0.38947164,-0.78922747, 0.47479664], [-0.91235789, 0.25998044,-0.31624871], [ 0.12615433,-0.55635436,-0.82131292]]"
41,host,AS,0.9560921768833772,0.9054260575053728,0.2789173854958708,12.227973762267595,4.544648967626167,"[[-0.22464258, 0.09698147,-0.96960317], [ 0.93724218, 0.29380973,-0.18775764], [ 0.26666984,-0.95093135,-0.1568973 ]]"
42,host,AS,0.5148366287771399,0.4965274536514387,0.3544306293844429,21.29166437055917,2.5082502748188,"[[-0.47700425, 0.78841143, 0.38842549], [-0.22097956, 0.32016369,-0.9212292 ], [-0.85066737,-0.52526434, 0.02150337]]"
43,host,AS,0.9293892164259552,0.8600905935888712,0.2985507879956545,11.579617179587611,3.7047864642439774,"[[ 0.53816246, 0.42721498, 0.72654561], [ 0.23587198, 0.75123699,-0.61644739], [-0.8091635 , 0.5031206 , 0.30351951]]"
44,host,AS,1.0713273778060863,0.9200500947069012,0.2720130909475495,11.196303641717511,4.1453139180212215,"[[ 0.43605897, 0.89540461, 0.09001756], [-0.89929318, 0.42984355, 0.08066156], [ 0.03353126,-0.11612537, 0.9926684 ]]"
45,host,AS,0.9543743735161622,0.8612635156185614,0.3413226023050179,12.376963626171976,3.803557173042414,"[[ 0.00715322, 0.49125361,-0.87098721], [ 0.80641653, 0.51221122, 0.29551994], [ 0.59130466,-0.70449241,-0.39249108]]"
46,host,AS,0.996728918395886,0.897745922223337,0.3598684068825107,11.89504845042678,4.467548754828619,"[[-0.48419656,-0.12699486,-0.86569394], [ 0.45524856,-0.88150164,-0.12531404], [-0.74719639,-0.45478255, 0.48463428]]"
47,host,AS,0.9440813168845774,0.9037106219364568,0.3309074868111399,13.243577233894827,4.829161293061972,"[[-0.81629482, 0.1304565 , 0.56271118], [ 0.55323341,-0.10358583, 0.82656081], [-0.16611914,-0.98602793,-0.01238368]]"
48,host,AS,1.221471524156723,1.0917659202923162,0.3442196132376345,10.582066391759382,5.821277892277319,"[[-0.84571187, 0.49917549,-0.18866706], [ 0.53310574, 0.80611443,-0.25686143], [ 0.02386831,-0.31781025,-0.94785386]]"
49,host,AS,0.7303241499748767,0.6804907608848875,0.3065803390712583,13.766688429358377,3.1656795400572864,"[[ 0.19870399, 0.63326999,-0.74798787], [-0.96857025, 0.01036819,-0.24852397], [-0.1496275 , 0.7738615 , 0.61542667]]"
50,host,AS,0.8630818043126711,0.7764597594861612,0.3103961531859435,10.39640235893165,3.312829021045712,"[[-0.10981977,-0.76104273, 0.63933839], [-0.9486129 ,-0.11180292,-0.29602985], [ 0.29677126,-0.63899458,-0.70965678]]"
51,host,AS,0.6441219928210047,0.5686584613679242,0.2836937732543321,15.441029947225298,2.8852885102847163,"[[ 0.76579123,-0.61249635, 0.19598981], [ 0.63322179, 0.66498707,-0.39600804], [ 0.11222279, 0.4273645 , 0.8970873 ]]"
52,host,AS,1.209430597259944,1.1878507945550765,0.607484634247525,8.448469777249786,4.373870760074622,"[[-0.28896948,-0.34746241, 0.89205746], [ 0.91109551,-0.38591762, 0.14481907], [-0.29394151,-0.85459784,-0.42808986]]"
53,host,AS,0.8362220004698135,0.6124469578268512,0.3077378239805971,11.927081791207549,3.288640747891129,"[[-0.12688283,-0.78726647,-0.60341715], [-0.83458738, 0.41349462,-0.36398641], [-0.53606404,-0.45742071, 0.70950803]]"
54,host,AS,1.8663565420016657,1.7784635669361557,0.6280378900636333,6.905518554745509,6.407838569207961,"[[ 0.99859398,-0.04794592,-0.02261085], [ 0.04939292, 0.68670931, 0.72525213], [-0.0192458 ,-0.72534923, 0.68811198]]"
55,host,AS,1.5589168077479785,1.2908664790132751,0.4252892064589125,8.694021856605318,6.099576381251121,"[[-0.12228342,-0.79475358,-0.59448593], [ 0.07458993, 0.58992812,-0.80400321], [ 0.98968839,-0.14265892,-0.01285781]]"
56,host,AS,0.8633723900179529,0.8308469883677702,0.31894965945628,12.924959594842798,3.692922944560309,"[[-0.38688792,-0.29439435,-0.87387053], [ 0.82720879,-0.52957324,-0.18782384], [-0.40748417,-0.79554016, 0.44841108]]"
57,host,AS,1.2145017895468695,1.0646711405665508,0.4532585821166815,9.828720753863715,4.7583185652044735,"[[ 0.07945443, 0.96352056,-0.25556825], [-0.95586655, 0.14638984, 0.25473348], [ 0.28285354, 0.22404944, 0.9326284 ]]"
58,host,AS,1.58466825123372,1.4921762442185271,0.5029867693927528,7.689381490145791,5.923451755345859,"[[-0.70411539,-0.66249506, 0.2555813 ], [ 0.59868821,-0.74741041,-0.2880106 ], [-0.38182972, 0.04977918,-0.92289116]]"
59,host,AS,0.5981808906582867,0.5132453085402021,0.3200043406053823,17.867096986719574,3.204368168763301,"[[-0.66735661,-0.17415452, 0.72408933], [ 0.68645213, 0.23321977, 0.68876121], [ 0.28882283,-0.95670201, 0.03609201]]"
60,host,AS,0.7952045611462185,0.7496920623438323,0.3692746758206794,14.136818996812384,3.876896751660458,"[[ 0.32312818, 0.85019874, 0.4156324 ], [-0.94310097, 0.2529068 , 0.21586734], [ 0.07841388,-0.46173614, 0.88354457]]"
61,host,AS,1.4580281495362075,1.346269831488796,0.4202736818780531,8.451981699471638,5.802726905560389,"[[ 0.3553113 , 0.24606895,-0.90177822], [-0.93280568, 0.1555    ,-0.32510507], [-0.06022825,-0.95669735,-0.28478542]]"
62,host,AS,1.2169617109607662,1.089739648041058,0.6319279613232169,10.592428291599097,6.392731034684094,"[[ 0.25257502, 0.31698299,-0.91418141], [ 0.31360476, 0.86699338, 0.38726546], [ 0.91534579,-0.38450523, 0.1195735 ]]"
64,host,AS,0.796839055486047,0.7233982870060733,0.3183128034532901,10.067784226713217,2.674120290993017,"[[-0.89787354,-0.43992854,-0.01691106], [-0.43038196, 0.86900476, 0.24413541], [-0.09270635, 0.22648094,-0.96959369]]"
66,host,AS,1.0994036123986322,1.0609187733117165,0.4332640420368461,8.821869967887196,4.145884803916527,"[[ 0.59258412,-0.78486511,-0.18119279], [ 0.34476569, 0.04383504, 0.93766471], [-0.72799772,-0.61811427, 0.29657051]]"
67,host,AS,1.3146927267051016,1.2498857811899104,0.5938283627294682,7.561646689708571,4.465764455672279,"[[-0.68700134, 0.68188424,-0.25112357], [ 0.48121327, 0.68587072, 0.54590764], [ 0.54448412, 0.25419529,-0.79932584]]"
68,host,AS,0.940528048382374,0.8758004920667197,0.3841077044113284,11.95187349071284,4.896935227021683,"[[ 0.54258588, 0.48909522,-0.68292491], [-0.13852497, 0.85397347, 0.50153779], [ 0.82849949,-0.17752517, 0.53110584]]"
69,host,AS,1.7246631518313629,1.542177968732005,0.4914904714740388,7.305710386363999,6.611905442415131,"[[-0.54518287, 0.72064865, 0.42830032], [-0.62099924,-0.00396291,-0.78380115], [ 0.56314792, 0.69328913,-0.44968277]]"
70,host,AS,1.454570126752294,0.9566171087009356,0.6965968982271783,9.538678671827316,6.250660851392913,"[[ 0.92981731,-0.34545218,-0.12689587], [ 0.2410948 , 0.83228968,-0.4991665 ], [ 0.27805227, 0.43353972, 0.85716407]]"
72,host,AS,0.943786931789498,0.905823327137436,0.4377127397430595,11.1566879258674,3.9359538638724656,"[[-0.56143146,-0.35368343, 0.74813284], [-0.32686845, 0.92532839, 0.19215718], [ 0.76023137, 0.13665794, 0.63511643]]"
73,host,AS,1.062406787705647,1.0134438178551295,0.4276848349529424,10.893427869748542,4.991569314990612,"[[-0.86849051, 0.3508507 , 0.35018285], [ 0.39456491, 0.91691356, 0.05990046], [ 0.30007128,-0.19019285, 0.93476409]]"
74,host,AS,0.8240495417053308,0.7899191687832464,0.467341569962664,12.678920441041289,4.923672779602389,"[[ 0.02420452, 0.99781176,-0.06152909], [-0.88235592, 0.0502559 , 0.46789142], [ 0.46995976, 0.04296547, 0.88164153]]"
75,host,AS,1.4647215882551776,1.3774060229528131,0.5140598438271197,7.976161392749363,5.783748620157673,"[[-0.6546464 ,-0.41297821,-0.63315645], [ 0.09188415, 0.78789828,-0.60891182], [-0.75033019, 0.45679898, 0.47784862]]"
76,host,AS,2.7474447356014577,2.096461077380833,0.8229162968120275,5.239594230481813,8.511601565353606,"[[-0.63649244,-0.25494164,-0.72793003], [ 0.34362992,-0.93867905, 0.02828641], [ 0.69050405, 0.23213446,-0.6850677 ]]"
77,host,AS,2.1321749658116524,2.008879583650101,0.6937170008075415,5.762695262758124,6.567023715744081,"[[ 0.13704927,-0.92070372, 0.36540684], [-0.51009168, 0.25062142, 0.82279729], [-0.84913131,-0.29915476,-0.43529583]]"
78,host,AS,0.9483277916512256,0.9009467855142944,0.301224936162526,10.014774264032244,3.637939823694136,"[[-0.7356902 ,-0.1002948 ,-0.66985139], [ 0.27116088, 0.86264958,-0.4269748 ], [-0.62067038, 0.49575866, 0.60744682]]"
79,host,AS,1.4609791301599366,1.2997704493951143,0.441971264478649,8.105935927176672,5.7649834732976055,"[[ 0.0981895 , 0.14218735, 0.98495765], [ 0.8585443 ,-0.51260844,-0.01158791], [-0.50324995,-0.84676759, 0.17240691]]"
80,host,AS,1.329211365891415,1.257370554723441,0.4681144175860469,7.469132416768252,4.687060616534378,"[[ 0.88551   , 0.36713218,-0.28475605], [-0.23321484, 0.88129516, 0.41101055], [-0.40184933, 0.29754462,-0.86601635]]"
82,host,AS,1.065761537065446,0.79610568551243,0.3346421868447659,10.058604747579611,4.734269920550359,"[[ 0.76510031,-0.24982127,-0.59347355], [-0.34229526, 0.62286115,-0.70347562], [ 0.54539479, 0.74137259, 0.39103862]]"
83,host,AS,0.9085739051733032,0.8636766077649399,0.377800673321206,11.998270420508652,4.218212919380614,"[[ 0.49465332,-0.18985789,-0.84809909], [-0.85910955, 0.04064881,-0.51017492], [-0.13133496,-0.98096975, 0.14300166]]"
84,host,AS,0.994890514470527,0.9116989726835908,0.3783527096303013,8.9843784239476,3.70765241718562,"[[ 0.777261  ,-0.6284878 ,-0.02946892], [ 0.54715942, 0.65207367, 0.52480139], [-0.31061537,-0.42403185, 0.85071445]]"
85,host,AS,0.5741765991531308,0.5642211822595354,0.4087030911387007,14.19290190255189,2.459140011864875,"[[-0.26240812, 0.6529209 ,-0.71051832], [ 0.17259306, 0.75620502, 0.63116211], [ 0.94939645, 0.04299153,-0.31112396]]"
88,host,AS,0.5938477109393115,0.5253807484687267,0.3249518967593768,11.626103084454543,2.243204492121261,"[[-0.77786885, 0.62513657, 0.06422089], [ 0.05404359, 0.16835966,-0.98424302], [ 0.62609851, 0.76214125, 0.16474636]]"
91,host,AS,1.511334251384458,1.4080357758010922,0.4759584352048274,6.725789916017264,4.922743856273698,"[[ 0.23702802,-0.54663683, 0.80312259], [-0.86803402, 0.25207362, 0.42775674], [-0.43627361,-0.79852807,-0.41475085]]"
95,host,AS,1.947213021784176,1.9187881349405689,0.6774193480348075,5.640107537108338,6.178312328474099,"[[-0.50767724,-0.30709932,-0.8049558 ], [ 0.85473147,-0.06223839,-0.51532562], [ 0.10815699,-0.94964014, 0.29408446]]"
97,host,AS,0.8381199983119091,0.8223232190134959,0.4316157931790257,11.789207878635777,4.374996283421029,"[[-0.43198014, 0.25241841,-0.86583954], [ 0.40816145,-0.80137692,-0.43726339], [ 0.80423715, 0.54229141,-0.24315145]]"
99,host,AS,1.6028667597925843,1.4953695489603602,0.5720236984405109,7.03712167063112,6.1824188995882325,"[[ 0.75135718,-0.43743023,-0.49408217], [-0.49791548, 0.11555552,-0.85949235], [ 0.43306186, 0.8917969 ,-0.13097981]]"
100,host,AS,1.4916270575615034,1.3365719048766949,0.5527129964679478,7.279126301801094,5.270655978639233,"[[-0.56034131,-0.49115811,-0.66691928], [-0.33620763,-0.60100296, 0.72509301], [-0.75695577, 0.63052292, 0.17163568]]"
101,host,AS,1.1554091884198947,1.0968132263684875,0.3554849355872285,8.392253716571247,4.495546958441436,"[[-0.29226748, 0.74894445, 0.59469481], [-0.6144024 , 0.3294874 ,-0.71690149], [ 0.73286384, 0.57490891,-0.36385481]]"
102,host,AS,1.1595587577383404,1.1270554327175657,0.5102241183975237,8.690372468638252,4.330138667512055,"[[-0.59029938,-0.71236694,-0.37957871], [-0.34291338,-0.20438861, 0.91686188], [ 0.73072365,-0.67138562, 0.12362969]]"
103,host,AS,2.095265807185542,1.7677991716211108,0.7411748579647038,5.310545083957101,5.854243302095605,"[[ 6.47735898e-04,-3.06866614e-02,-9.99528844e-01], [ 9.98074075e-01, 6.20206336e-02,-1.25731016e-03], [-6.20299948e-02, 9.97603012e-01,-3.06677342e-02]]"
105,host,AS,0.9565891528417734,0.88428050894804,0.3294286508382064,9.358802821115397,3.841940326724632,"[[ 0.23737851,-0.1100786 , 0.96516016], [-0.71622976,-0.6910426 , 0.09733985], [ 0.65625176,-0.71438283,-0.24288024]]"
106,host,AS,0.8037982565919922,0.7646594213994657,0.3485325934686885,11.087526576863622,3.3146468417764323,"[[ 0.38552072,-0.1661734 , 0.90761235], [ 0.61963192, 0.7754759 ,-0.12121637], [-0.68368857, 0.60911701, 0.40192837]]"
107,host,AS,2.2159152511641365,1.905543205149314,0.678421126670393,5.279668220918598,6.657537110351453,"[[-0.58635053, 0.66401568, 0.46397869], [ 0.44835168, 0.74306551,-0.49682434], [ 0.67466572, 0.08328759, 0.7334094 ]]"
110,host,AS,1.841326160354976,1.80011125905195,0.627667048006557,5.808028517768966,5.856470245527067,"[[-0.3972855 ,-0.81218023, 0.42723238], [-0.71429105,-0.0186102 ,-0.69960128], [-0.57615321, 0.58310971, 0.57273951]]"
112,host,AS,1.3461115001864137,1.016941046157597,0.4816989600645088,7.896629578453249,5.109165695747244,"[[ 0.3527086 ,-0.30082495, 0.88605925], [-0.61037413,-0.79169239,-0.02581838], [-0.70925318, 0.53172127, 0.46285248]]"
113,host,AS,1.5802475720789746,1.5480763783258151,0.5989995170248195,6.231698174098033,5.360790552841041,"[[-0.25809611, 0.31980133,-0.91165427], [ 0.2185121 ,-0.89984947,-0.3775227 ], [ 0.94108388, 0.29664462,-0.16236719]]"
114,host,AS,1.8985436263682745,1.813874101165152,0.8156449401357427,5.942038829206278,6.084559042133054,"[[ 0.74157457,-0.04159394,-0.66957979], [ 0.59043487,-0.43340501, 0.68084269], [ 0.31851817, 0.90023888, 0.29684362]]"
116,host,AS,0.6617711740871793,0.6319748123480965,0.3422260512869776,12.95322933150171,2.826815921407313,"[[ 0.06432753,-0.99781291, 0.01521063], [ 0.94754068, 0.06585452, 0.31277762], [-0.31309524,-0.00570752, 0.94970458]]"
118,host,AS,1.8487323123471044,1.685246928502811,0.6617980429201157,6.056508493713228,6.235034445909267,"[[-0.7165955 ,-0.5617294 ,-0.41346218], [ 0.1427234 ,-0.69833595, 0.70139641], [-0.68273049, 0.44360678, 0.58059633]]"
120,host,AS,0.9627639813586878,0.9237193992206424,0.3769601155776098,9.335988484998332,3.757317712657626,"[[ 0.03371259, 0.93190066,-0.36114349], [-0.93959318, 0.1527085 , 0.30634094], [-0.340629  ,-0.32900041,-0.88075571]]"
121,host,AS,1.4291786881350554,1.378220400725105,0.4946757693162503,7.032759240998936,5.181619493976757,"[[-0.51796046,-0.56133348, 0.64546238], [ 0.81466639,-0.09361952, 0.57232338], [ 0.2608364 ,-0.82227739,-0.50579074]]"
123,host,AS,0.5296676355242557,0.520686375152307,0.3488724250173926,15.05314368044212,2.184624309997248,"[[ 0.06431314, 0.43265917, 0.89926073], [ 0.07964466, 0.8960264 ,-0.43679906], [-0.99474647, 0.09971324, 0.02316728]]"
137,host,AS,0.710099634779574,0.653481503287515,0.3679836878025113,10.53632854991756,3.0237295908566453,"[[ 0.64615839,-0.48333835,-0.59064657], [-0.47229179,-0.86115532, 0.18802122], [-0.5995163 , 0.15746604,-0.78471947]]"
157,host,AS,1.1268289924289876,0.9723967486391872,0.4224798331784853,8.172861598183024,4.815928076933917,"[[ 0.60310988, 0.14383881,-0.78458197], [-0.64041972,-0.49905676,-0.58378501], [-0.47552188, 0.85454827,-0.20886885]]"
0,host,AS,5.029985161442548,2.220669435777685,1.0455291418688573,10.752682151400933,13.843553861313383,"[[-0.23137399, 0.74801782, 0.62204133], [-0.78903152, 0.22975549,-0.56977335], [-0.56911804,-0.62264095, 0.5370502 ]]"
1,host,AS,1.324948319090741,1.022180976384334,0.7058872417570192,24.12638234067125,4.505914126110122,"[[-0.91163158,-0.05527989, 0.40727385], [-0.19909033,-0.80750743,-0.55524299], [-0.35957044, 0.58726134,-0.72514359]]"
2,host,AS,1.4044470009436678,1.3770997430225491,0.9083665887098734,24.348187571617785,10.639264629157976,"[[-0.81400896,-0.27577071,-0.51121417], [-0.58081861, 0.39592543, 0.71126141], [-0.00625763,-0.87589587, 0.48245961]]"
3,host,AS,1.4590382541622768,1.3110102851513734,0.3435249871136699,17.89691612002095,9.365148755200163,"[[-0.23874292, 0.16277319,-0.95734357], [ 0.1981539 , 0.97327472, 0.11606616], [-0.95065075, 0.16199139, 0.26461659]]"
4,host,AS,1.1458977364224183,1.0217820588414457,0.3980148323836168,19.701808461380026,5.686710257768024,"[[-0.42247221, 0.8581279 ,-0.29177687], [-0.15676816, 0.24788252, 0.95602197], [-0.89271551,-0.44963404,-0.02980365]]"
5,host,AS,1.5812316574736918,1.2766955914158264,0.7949511391672046,16.792578429837036,6.11149388773163,"[[-0.84869579, 0.48475695, 0.21148561], [-0.52517967,-0.72521732,-0.44524843], [-0.06246424,-0.4889484 , 0.87007337]]"
7,host,AS,1.1104264803084556,0.9587545797490216,0.3624631663430475,18.187354349358824,4.745015207622313,"[[-0.86151707, 0.50411863,-0.06043791], [ 0.08904263, 0.03282283,-0.99548685], [-0.49985973,-0.86301047,-0.07316548]]"
8,host,AS,0.651216957854363,0.4953216318447243,0.3323064515044464,27.77482519118936,2.539984940067549,"[[ 0.31733489, 0.89883114,-0.30232622], [-0.90631158, 0.3812833 , 0.18227002], [-0.27910191,-0.21616112,-0.93561557]]"
9,host,AS,1.0790199029510965,1.0237640115782105,0.5014627486683179,21.75816081592411,5.986146811054388,"[[-0.82256339, 0.16824799,-0.54321459], [ 0.43548546, 0.80066439,-0.41144738], [-0.36570738, 0.57500361, 0.73186676]]"
10,host,AS,0.7295557286646024,0.6286609370460138,0.4823544721201865,23.701744857806563,3.254898219474705,"[[-0.53483002,-0.7420422 , 0.40414134], [ 0.23455052, 0.32912032, 0.91469441], [-0.81175298, 0.58399759,-0.00197704]]"
12,host,AS,0.884870585104115,0.7384846570534174,0.3082051710526853,13.46587140941249,3.4298564113361456,"[[ 0.80617119,-0.26214277, 0.53044243], [-0.58685664,-0.23999306, 0.77330629], [ 0.07541415, 0.93471092, 0.34731571]]"
16,host,AS,0.8887214024966916,0.7291079692955016,0.3318467739614225,12.989555774728249,3.17932830453202,"[[ 0.49048992,-0.1487903 ,-0.85865073], [-0.59814719, 0.6590788 ,-0.45588932], [ 0.6337504 , 0.73720864, 0.23427301]]"
17,host,AS,0.7590676785292123,0.6960718993850749,0.5010774018352046,23.552432809797786,4.749405354776683,"[[ 0.33917635,-0.31168768, 0.88758673], [-0.52106835,-0.84780072,-0.09859879], [-0.78322869, 0.42905097, 0.44996454]]"
525,host,AS,1.828269367864516,1.0183055298085126,0.652186771312808,4.492155684697546,4.63437874317987,"[[ 0.14344972,-0.86363242,-0.48328173], [-0.7314969 ,-0.42144391, 0.53600123], [ 0.66658418,-0.27662986, 0.69220044]]"
573,host,AS,1.4561078244468153,0.7172381306501001,0.5701461769387101,4.834377498829007,3.942004721187868,"[[-0.86685766, 0.49623518, 0.0480463 ], [ 0.23671873, 0.49449107,-0.83632698], [-0.43877334,-0.71360299,-0.54612153]]"
590,host,AS,1.08979099086371,0.6367166519950928,0.5794895780163718,5.035273193812757,2.0674248034047147,"[[ 0.33208242, 0.92407196,-0.18924129], [ 0.11271026, 0.16031517, 0.98060973], [ 0.93649221,-0.34697269,-0.05091455]]"
616,host,AS,0.660945998688696,0.3871260858716633,0.2998309149994014,8.953071224230824,2.645542057792908,"[[-0.47063442,-0.28451814, 0.83519619], [-0.82329198,-0.1988231 ,-0.5316575 ], [-0.3173225 , 0.93782664, 0.1406685 ]]"
619,host,AS,1.598022976818118,1.0882887623858513,0.8530017352528787,4.008974977061817,3.765687618935225,"[[ 0.29604366, 0.95446496,-0.03680764], [ 0.03375441, 0.02805696, 0.99903626], [-0.95457781, 0.29700077, 0.02391131]]"
638,host,AS,1.429368869815667,0.84543917795076,0.549485236443737,5.08826491350643,3.963888673138939,"[[-0.89089121,-0.36122367,-0.27537304], [ 0.13296448,-0.78710207, 0.60232116], [ 0.43431935,-0.49998779,-0.74925223]]"
648,host,AS,1.4490961770908644,0.7685300729677798,0.5415738395230414,4.798593068515446,3.674677405008344,"[[-0.33395261,-0.58503851,-0.73905723], [ 0.88309066,-0.46834872,-0.02829063], [-0.3295854 ,-0.66210227, 0.67304833]]"
652,host,AS,1.0430776371307695,0.864595275862652,0.6220491501948857,4.29913213431024,2.434980150057368,"[[-0.33798082,-0.87954964,-0.33490506], [-0.2211691 ,-0.27165429, 0.93663663], [ 0.9147968 ,-0.39063587, 0.10271527]]"
665,host,AS,2.0410387939693724,1.191071003799631,0.6789457844097386,3.808171618212501,4.136528382356061,"[[ 0.33241639, 0.93395153,-0.13127791], [ 0.20968979,-0.20889731,-0.95519218], [ 0.9195268 ,-0.2899939 , 0.26528099]]"
668,host,AS,1.3996714078050674,1.066222073795765,0.6827530878336627,4.077466453615256,3.154019469092717,"[[ 0.25035475, 0.96193247,-0.10958295], [-0.71760522, 0.10839307,-0.68796344], [ 0.64989634,-0.25087221,-0.71742448]]"
678,host,AS,1.482721050301725,1.0821383958169906,0.7569597258113855,4.142189951901527,3.6233489721137895,"[[ 0.35871416,-0.28805753, 0.88788908], [ 0.36761727, 0.91791785, 0.14927949], [-0.85801031, 0.2728547 , 0.43516505]]"
688,host,AS,0.982642365032352,0.8626135037190883,0.5652115985916492,5.540656427095626,2.422500932600492,"[[-0.58527852,-0.70747129,-0.39614825], [ 0.80611654,-0.56031631,-0.19032014], [-0.08732229,-0.43073195, 0.8982454 ]]"
691,host,AS,1.3265426524201993,0.9707201382672574,0.6747994004854422,4.598393508947458,3.3998337485190144,"[[ 0.24681395, 0.75688981, 0.60514518], [-0.3780174 , 0.65019207,-0.65905471], [ 0.89229239, 0.06609151,-0.446594  ]]"
699,host,AS,1.2613518167734272,0.7665878260278917,0.6914023678050102,4.804044633499999,3.5226964063311,"[[ 0.46404136,-0.58184671, 0.66792217], [-0.72375327, 0.18570321, 0.66460177], [-0.51073165,-0.79181356,-0.33493949]]"
700,host,AS,1.661146382805573,1.1656620861359912,0.7760089076146434,3.879475668062892,4.118626770792267,"[[-0.78689483, 0.6126496 , 0.07387146], [ 0.60822444, 0.74980023, 0.2605046 ], [ 0.1042092 , 0.24992015,-0.96264238]]"
701,host,AS,1.2493563350871493,0.940008106707398,0.5845504771788776,4.515234738451306,3.2195332342238663,"[[ 0.67529057, 0.34266259, 0.65311944], [-0.67569833,-0.06755065, 0.73407675], [ 0.29565929,-0.93702682, 0.18592022]]"
702,host,AS,1.6234351674600909,1.102452033676916,0.7561026863176035,3.4237645630806863,3.378222355730488,"[[ 0.78214122, 0.54798063,-0.29660131], [-0.50036753, 0.83603329, 0.2251237 ], [ 0.37133199,-0.02766886, 0.92808781]]"
738,host,AS,1.3088588395631289,1.0748287784112145,0.6155326024656992,4.58530266583886,3.373609226592627,"[[-0.52727407,-0.49655975, 0.68950016], [ 0.62315297,-0.77763068,-0.08349193], [-0.57763521,-0.38564094,-0.71945718]]"
742,host,AS,1.1080358998507522,0.9620872940567152,0.723674024347631,4.693477228466996,2.90915798942892,"[[-0.14153515,-0.82971133, 0.53995083], [-0.35798378, 0.55142691, 0.75350911], [-0.92293847,-0.08664561,-0.37506949]]"
743,host,AS,1.4664583141698118,1.1171912101931634,1.0187860299254887,3.688896038738752,3.368484659462187,"[[-0.72636153,-0.67110293,-0.14839065], [ 0.55249397,-0.44168744,-0.70686817], [ 0.40883902,-0.59542679, 0.69160509]]"
749,host,AS,1.1755113958903876,0.7569510879163023,0.6050977631758843,5.056390914800468,3.1513607438481577,"[[ 0.4979001 ,-0.55504867, 0.66634561], [-0.54094947, 0.40178488, 0.73887927], [ 0.67784155, 0.72834737, 0.10020455]]"
765,host,AS,1.2642948413538533,1.175333544815098,0.6666134853332706,4.14884557044068,2.975923823538425,"[[ 0.19747192, 0.10631534,-0.9745265 ], [-0.95023589,-0.22358056,-0.2169412 ], [ 0.24094936,-0.96886985,-0.05687377]]"
772,host,AS,0.9392443384673776,0.8117233941342,0.5256137462522186,5.724151784162844,3.3091819878486923,"[[ 0.78980885,-0.29409561,-0.53824692], [-0.17760024,-0.94961113, 0.25825735], [ 0.58707762, 0.10838116, 0.80224273]]"
791,host,AS,1.559213254253356,0.7997468277504121,0.7503040001577875,4.153416127846569,4.016085901190654,"[[ 0.90215212, 0.13033504, 0.41125945], [ 0.03156143, 0.9307803 ,-0.3642141 ], [-0.43026206, 0.34155645, 0.83559186]]"
795,host,AS,0.7754493864029631,0.5279174257672272,0.4795518681336789,5.660000607797344,2.390612254430776,"[[-0.80214553, 0.37775454, 0.46245438], [ 0.16585595,-0.60304205, 0.78027693], [ 0.57363259, 0.70259646, 0.42107465]]"
800,host,AS,1.070359389567979,0.837856173880446,0.6288294157910865,4.492578820327789,2.8592483937551307,"[[-0.39728282,-0.09329944,-0.91294117], [ 0.88106163,-0.31705493,-0.35100795], [ 0.25670365, 0.94380686,-0.20816304]]"
801,host,AS,1.32439111901427,0.8940795958753454,0.8145277433716048,4.254652391429763,3.036438494983484,"[[-0.25554376, 0.64338267,-0.72163434], [ 0.6242359 ,-0.4601716 ,-0.63132531], [-0.73825939,-0.61180131,-0.28402858]]"
802,host,AS,1.1415334675104276,1.05638193267946,0.6859137394975356,4.213411495145686,2.9623769729915708,"[[ 0.90593154, 0.20950726,-0.36796027], [ 0.3554804 ,-0.84845672, 0.39211589], [ 0.23004724, 0.48603282, 0.84311943]]"
805,host,AS,1.1790285105816416,0.9556746031890564,0.7230491173338376,4.624682009472778,3.3594424642083016,"[[-0.093883  ,-0.98279141, 0.15908183], [-0.42970094,-0.10413829,-0.89694611], [ 0.89807744,-0.1525656 ,-0.41252958]]"
807,host,AS,1.1135168159353372,0.7369926469156982,0.651654243866969,4.797179177923151,2.9740420880744938,"[[ 0.11476431,-0.26161669, 0.95832451], [-0.04063959, 0.96265445, 0.26766553], [ 0.99256112, 0.06966436,-0.09984638]]"
811,host,AS,1.3607356145052834,1.0923902143136426,0.7317392166579232,4.097653159215879,3.5306646223959963,"[[-0.87454077, 0.12730484, 0.46794435], [-0.35647559,-0.82296463,-0.44232836], [ 0.32879111,-0.55364492, 0.76509719]]"
819,host,AS,1.2026094521007709,0.6998904304812188,0.5995271413246839,5.404396156138492,3.4859652689093044,"[[ 0.16415189,-0.32941634, 0.92980591], [ 0.21517536,-0.90793564,-0.359656  ], [ 0.96268049, 0.25910954,-0.07815708]]"
823,host,AS,1.1627278873416034,0.6986050751214645,0.6554591818021465,4.96400344541965,3.3172353445915554,"[[-0.76038728,-0.64558431,-0.07093722], [-0.25595267, 0.39825558,-0.88084092], [-0.59690822, 0.65162366, 0.4680675 ]]"
828,host,AS,1.2182002755325363,0.921701504384272,0.7698067449669133,4.0570901503331775,2.9227843273036305,"[[-0.15068748,-0.94082902, 0.30353589], [ 0.35315205,-0.33801206,-0.87237118], [-0.92335091, 0.02426109,-0.38318988]]"
829,host,AS,1.1245107864167985,1.0681894838185868,0.673621459788218,4.558053197451755,2.9537872829970966,"[[ 0.92172808, 0.25117099,-0.29551732], [-0.24551656,-0.21196853,-0.94593391], [-0.30023152, 0.94444824,-0.13371071]]"
830,host,AS,1.7647474196529702,1.2917664864261251,0.942917387643657,3.3436002315524385,3.781377828325698,"[[ 0.77033803,-0.41272487,-0.4860427 ], [-0.02245253, 0.74422745,-0.66754879], [ 0.63724031, 0.5251511 , 0.56403999]]"
836,host,AS,0.8519643129930908,0.6840317937530862,0.5511938131635133,5.207490691688062,2.0029393646202487,"[[-0.54823119, 0.67161651, 0.49837118], [-0.03674795,-0.61467416, 0.78792466], [ 0.83551909, 0.41365075, 0.36166407]]"
837,host,AS,1.3105307131163306,1.056942212031233,0.7705477245518667,4.546214318904317,3.2101269864214976,"[[-0.80275329,-0.30330269,-0.51341468], [-0.3015731 , 0.94925643,-0.08925189], [ 0.51443252, 0.08318481,-0.85348666]]"
850,host,AS,0.9344379527372376,0.662296395710065,0.4288506719453235,6.37590084759776,3.4383076598687343,"[[-0.09531188, 0.890927  , 0.44403235], [ 0.62642145,-0.29298761, 0.7223257 ], [ 0.77363545, 0.34699761,-0.53017059]]"
853,host,AS,0.9675087255532756,0.838719839526462,0.5873153131531544,4.939435059937356,2.4269596530654414,"[[ 0.64524449, 0.72832227,-0.23066475], [ 0.36921383,-0.0329538 , 0.92876003], [ 0.66883533,-0.68444191,-0.29016992]]"
855,host,AS,1.3566706860869753,1.150175191337118,0.9486734700208576,3.893144042798855,3.3544104474643945,"[[-0.20944181, 0.44032754, 0.87306689], [-0.14054585, 0.87004233,-0.47251795], [ 0.96766781, 0.22167094, 0.12033703]]"
863,host,AS,1.2079876320117062,0.7780324555238373,0.697633804438141,4.704596689791084,3.0544384780390987,"[[-0.44074991, 0.76739302, 0.46566884], [ 0.87169858, 0.24212233, 0.42604973], [-0.21419877,-0.59370424, 0.7756508 ]]"
866,host,AS,1.104374717056719,0.9616094753112856,0.8285857339839978,4.419719881459484,3.0185951478644832,"[[-0.33419192, 0.55534864,-0.76151405], [ 0.81102678, 0.58106329, 0.06783082], [ 0.48015761,-0.59493977,-0.64458928]]"
871,host,AS,1.3921751087834218,1.0162995044089056,0.9144767719262956,4.144307422349045,3.6547260479542896,"[[-8.24255535e-01,-4.78637389e-01, 3.02504648e-01], [-3.95275877e-05,-5.34206103e-01,-8.45354267e-01], [ 5.66217989e-01,-6.96799891e-01, 4.40303418e-01]]"
872,host,AS,1.176928751340477,1.1102759644452571,0.6032899295203396,4.282915733956962,3.1998679148953824,"[[ 0.98126807,-0.17142174,-0.08790658], [ 0.15439548, 0.97268729,-0.17332478], [-0.11521725,-0.15650569,-0.98093371]]"
873,host,AS,1.292087623709644,0.8225819900611596,0.6948682901659197,4.496552595489376,3.179867256404972,"[[-0.36548511, 0.58802918,-0.72155549], [ 0.93077753, 0.23803532,-0.277475  ], [ 0.00859229,-0.77302061,-0.63432271]]"
875,host,AS,1.152227115593115,1.032764686966367,0.5744503788369674,4.7765713503038425,3.167413427180113,"[[-0.92867514,-0.27026285, 0.25400883], [ 0.34409872,-0.37223516, 0.86199598], [-0.13841447, 0.88791834, 0.43868263]]"
878,host,AS,1.186161419376183,0.7930978565151052,0.5118804163388618,5.123827446285987,3.2974088104256367,"[[ 0.8740862 ,-0.09881456, 0.47561435], [-0.05249038,-0.99257208,-0.10975165], [-0.48292658,-0.07096722, 0.87278037]]"
881,host,AS,1.1343478992869198,0.9584428743371488,0.8012614199892082,4.353449838801066,3.002941152237152,"[[ 0.15131934,-0.74497594, 0.64970248], [ 0.89425026,-0.17690451,-0.41112197], [-0.42121127,-0.64320731,-0.63942585]]"
885,host,AS,0.8878765557405875,0.607001354096689,0.498072003479885,5.348579992421922,2.1113770328393286,"[[-0.89671255, 0.43567808,-0.07804626], [ 0.23182929, 0.31210672,-0.92132762], [-0.37704348,-0.84425945,-0.38087295]]"
887,host,AS,1.1738487549548848,0.879168454507742,0.653140389973342,4.833658570337958,3.622708819348212,"[[-0.83678138, 0.54437978, 0.05871602], [ 0.17469382, 0.16380673, 0.97090135], [ 0.51892099, 0.82268949,-0.23217021]]"
889,host,AS,0.7053746219049131,0.5907593974069112,0.4550267336488326,7.37765485484294,3.2424243852723995,"[[ 0.16885581,-0.78402194,-0.59732513], [ 0.49518981, 0.5914717 ,-0.63635547], [-0.85221756, 0.188337  ,-0.48811311]]"
897,host,AS,1.097388751364214,0.6422534069465181,0.5943706234368271,5.218997064975437,2.942504628567436,"[[ 0.1008336 , 0.78163994,-0.61552546], [-0.53729314,-0.47792005,-0.69491619], [-0.83734621, 0.4007885 , 0.37177938]]"
901,host,AS,1.1938828200700582,0.7974135035638029,0.7088604897519282,4.427890694668672,2.992265364120911,"[[-0.75857122, 0.52551221,-0.38523581], [ 0.00903805, 0.59965328, 0.80020888], [-0.65152745,-0.60353365, 0.45962932]]"
903,host,AS,1.381606251186254,1.1293715222680687,0.7156004887422074,3.676936219535938,3.029542367497383,"[[ 0.65143144, 0.74990419,-0.11524233], [-0.70673213, 0.54451248,-0.45170327], [ 0.27598329,-0.37569917,-0.88469393]]"
906,host,AS,1.5287878955881629,1.1645585731331607,0.7426626432793771,3.642913714189572,3.421996619597782,"[[ 0.2149671 , 0.3255783 ,-0.92075399], [-0.79256943,-0.49271104,-0.35926249], [ 0.57063373,-0.80699108,-0.15212674]]"
908,host,AS,0.9661784955108126,0.5288232277612833,0.5023078139602571,6.062759863317439,2.9509299110537284,"[[-0.6232677 , 0.65443401,-0.42808119], [ 0.08219038,-0.48956063,-0.86808705], [ 0.77767739, 0.57623477,-0.25133915]]"
909,host,AS,1.2103925932371178,1.0700579257218288,0.6685748031770518,3.979178987484216,2.9659343749864338,"[[-0.8383101 ,-0.40468453,-0.36533082], [-0.04770218,-0.61307874, 0.78858034], [-0.54310283, 0.67850194, 0.49464577]]"
910,host,AS,0.9653358400681418,0.7277589984993753,0.6853526609939794,4.774081234051344,2.20164793424089,"[[ 0.9992823 , 0.02205424,-0.03079758], [ 0.00471441,-0.8791217 ,-0.47657403], [ 0.0375853 ,-0.4760868 , 0.87859473]]"
911,host,AS,1.2771283496794217,0.7671458745426996,0.5798573953535677,4.401611082131376,3.14956041316116,"[[ 0.25456017, 0.37252008,-0.8924281 ], [ 0.01652408, 0.92101865, 0.38916784], [-0.96691575, 0.11381318,-0.22829911]]"
913,host,AS,1.083134953475865,0.7978888551724768,0.5305447807664888,5.160098418968029,3.1297611685693205,"[[-0.31366512,-0.81491342,-0.48737082], [-0.30905625, 0.57294341,-0.75909162], [-0.89782984, 0.08747556, 0.43156645]]"
914,host,AS,1.0405561182340115,0.7436774871441061,0.6553975471992399,4.087610178520888,2.2874104747320225,"[[ 0.29116676,-0.82016337, 0.49249768], [ 0.39540161, 0.5719449 , 0.71870481], [ 0.8711369 , 0.01452857,-0.49082525]]"
915,host,AS,0.9178377230024608,0.6260063476838019,0.5578509919213344,5.913527613595645,2.952931720134364,"[[ 0.63378902,-0.4941935 ,-0.5950498 ], [ 0.6033406 , 0.7972452 ,-0.01949879], [ 0.48403677,-0.34665959, 0.80345226]]"
916,host,AS,1.2937133657423168,0.9104748460692252,0.6590189884762151,4.387710867417008,3.459482406791816,"[[-0.08464281,-0.83636969,-0.54159148], [-0.65536467,-0.36269766, 0.66253117], [-0.75055496, 0.41101842,-0.5174274 ]]"
918,host,AS,1.352144644454201,0.9323213683689476,0.7928048806678206,3.620127149736625,2.9179186524951883,"[[ 0.61119359,-0.76336322,-0.20909089], [ 0.01381959, 0.27442902,-0.96150805], [ 0.79136049, 0.584778  , 0.17827863]]"
919,host,AS,0.997999076672745,0.8405092801053629,0.6305274880685835,4.943417794965996,2.626778937511873,"[[-0.12045981,-0.80614827, 0.57932237], [-0.99240307, 0.11249295,-0.04981456], [ 0.02501176, 0.58092195, 0.81357489]]"
923,host,AS,1.4104791403243768,0.8965860576587608,0.7657323417434408,3.905003626030095,3.426023145759165,"[[ 0.58501955,-0.31053246,-0.74921407], [ 0.51354382, 0.85683709, 0.04585798], [-0.62771401, 0.41158207,-0.66073847]]"
930,host,AS,1.262289955725157,0.8784696860987244,0.4477077299000217,5.014894898852556,3.8989929961943095,"[[ 0.83191307,-0.11179719,-0.5435274 ], [-0.45457866, 0.42444603,-0.78307331], [ 0.31824344, 0.89852488, 0.30228158]]"
931,host,AS,1.0461357005702183,0.824828887219237,0.7186488968100178,5.019901563187871,3.161638958694392,"[[-0.43710368, 0.87064842,-0.22563622], [-0.14374661, 0.18002111, 0.97310293], [ 0.88784981, 0.45778131, 0.04646487]]"
934,host,AS,1.2776081759485465,0.826841838797801,0.719064442174602,4.287044912097171,3.123432902487938,"[[-0.06068573, 0.92760828,-0.36859208], [-0.92441374, 0.0870698 , 0.37131939], [ 0.37653218, 0.36326537, 0.85220994]]"
935,host,AS,0.999024481912966,0.6110656408097921,0.5335805323338388,5.03390303251019,2.722505097791583,"[[ 0.19092734, 0.16404741, 0.96779915], [-0.22779859,-0.95161501, 0.20624419], [ 0.95480603,-0.25984094,-0.14431956]]"
936,host,AS,1.1242491167011015,0.9572415641755332,0.6742351404844962,4.026996998174551,2.6855227825001906,"[[-0.70678209,-0.13451325, 0.6945252 ], [-0.64728738,-0.27316769,-0.7116168 ], [-0.28544373, 0.95251541,-0.1060013 ]]"
943,host,AS,1.120241041696624,0.897051004037301,0.7548796978012884,4.302450033531166,2.896055132312328,"[[ 0.05477656,-0.76648283, 0.63992469], [-0.80943393,-0.40934485,-0.42101484], [-0.58465052, 0.49491501, 0.64283971]]"
945,host,AS,1.0736841704995352,0.7716168043004104,0.7376997216838928,4.793045205568005,2.867626675396749,"[[-0.06892785, 0.24569532, 0.96689336], [-0.35036606,-0.91342233, 0.20713103], [ 0.93407311,-0.32448952, 0.14904354]]"
946,host,AS,1.2756892238048847,0.9918109912871166,0.6689823243185709,4.113076609654892,3.0310042419302468,"[[-0.91801476,-0.22441761,-0.3269337 ], [ 0.22840398,-0.97320059, 0.02668775], [ 0.32416127, 0.05017321,-0.94467037]]"
947,host,AS,1.1156568471964643,0.7956181738536741,0.6232670427451372,4.673200661311325,3.1159395768314124,"[[-0.75634038,-0.30002473, 0.58132124], [-0.10820219,-0.81901405,-0.56347873], [-0.64516782, 0.48908195,-0.58699006]]"
948,host,AS,1.2962675726489363,1.2133662554397064,0.679954520135756,3.8947740701143134,3.172079316715127,"[[-0.71855917, 0.60815324, 0.33737569], [ 0.53277482, 0.16955053, 0.82909807], [-0.44701645,-0.77550129, 0.44584082]]"
951,host,AS,0.9099963116405508,0.8472239174243158,0.6094931603478275,5.055494125922077,2.5684821591197977,"[[-0.00395698, 0.52791967,-0.84928509], [-0.65605153, 0.63959986, 0.40063501], [ 0.75470573, 0.55876009, 0.34381162]]"
